10
100
10001
100038246
10005
10006
10007
10008
1001
10010
10011
100127888
10013
100130264
100130522
100130872
100131691
100131733
100132815
100133612
100133941
100134091
100134229
100134822
10015
10016
10018
100188893
100188953
10019
10020
10023
10024
10025
10026
100272147
100272228
100287216
100287497
100287896
100287902
100287932
100288198
100289019
100289255
100293534
100294341
1003
100302242
100302692
100316868
10036
10038
10039
10040
10042
10043
10045
100462953
100462983
10048
10049
100499177
10050
100500804
100505761
100505783
100505876
100505933
100506070
100506084
100506465
100506585
100506658
100506686
100506730
100506866
100507086
100507389
100507399
100507436
100507584
10051
100526830
100526831
100528016
10053
100533106
100533182
10054
10055
10056
10057
10059
10060
10061
100616237
100616282
10062
100628307
10063
100630923
100652770
100652772
100653233
10066
10067
100689074
10069
10071
10072
10073
10078
10079
10083
10084
100847052
10085
100862671
10087
100874032
100874392
1009
10092
10093
10094
10095
10096
10097
10098
10099
100996251
100996643
100996709
100996844
10101
10102
10103
10105
101059938
101059953
10106
101060200
101060747
10109
10110
10111
10112
10113
10114
10120
10121
10123
10124
10125
10126
10127
10128
10129
10130
10131
10133
10134
10135
10136
10139
10142
10144
10146
1015
10152
10153
10154
10155
10156
10158
10159
10160
10161
10162
10163
10164
10165
10166
10168
10169
1017
10170
10171
10172
10174
10175
10179
10180
10181
10186
10189
1019
10190
101927049
101927084
101927157
101927221
101927224
101927275
101927279
101927446
101927636
101927682
101927787
101928099
101928104
101928168
101928195
101928324
101928476
101928492
101928623
101928748
101928781
101928886
101928922
101928937
101928940
101929073
101929123
101929147
101929153
101929340
101929368
101929549
101929618
101929623
101929694
101929857
101929889
10193
101930075
101930232
10194
10195
10197
10198
102
1020
10200
10201
10203
10204
10205
10206
10207
10208
10209
1021
10210
10211
10212
10213
10214
102157402
10217
1022
10221
10223
10224
10226
10227
10228
10229
10230
10231
10232
10233
10236
10237
10238
10239
1024
10240
10241
10243
10244
10245
102465480
10248
1025
10250
10251
10253
10254
10256
10257
1026
10260
10261
10262
10263
10267
10269
1027
10270
102723386
102723606
102723646
102723674
102723826
102723859
102723860
102723899
102723937
102723939
102723987
102724007
102724038
102724071
102724182
102724203
102724492
102724493
102724664
102724699
102724904
102724911
102724932
102724993
102725085
102725320
102725337
102725396
102725400
102725415
102725513
10273
10276
10277
10278
10279
1028
10280
102800317
10282
10283
10284
10286
10287
10289
1029
10291
10294
10295
10296
10298
10299
103
10300
10301
10302
10307
10309
1031
10311
10312
10313
10314
10318
10322
10325
10327
10328
10329
1033
10330
10331
10332
10335
10336
10342
10351
10352
10360
10362
10363
10365
10367
10369
10370
10376
10379
10381
10383
10384
10388
10389
10390
103910
10392
10393
10395
10396
10397
10399
1040
10400
10403
10406
10409
10412
10417
10418
10419
10420
10421
10422
10423
10424
10425
10426
10427
10428
1043
10432
10434
10436
10437
10438
1044
10440
10443
10444
10445
10447
10449
1045
10450
10451
10452
10455
10456
10457
10458
10459
10460
10461
10463
10464
10465
10466
10467
10469
10471
10472
10473
10474
10475
10476
10477
10478
10479
1048
10480
10481
10482
10483
10484
10486
10487
10488
10489
10490
10491
10492
10493
10494
10495
10497
10499
1050
10507
10509
10512
10513
10514
10519
1052
10520
10521
10522
10523
10524
10525
10526
10527
10528
10529
10531
10533
10535
10536
10537
10538
10539
1054
10540
10541
10542
10544
10548
10549
10550
10551
10552
10553
10554
10555
10556
10557
10558
10559
10560
10561
10562
10564
10565
10567
10569
10572
10573
10574
10575
10576
10577
10579
1058
10580
10581
10585
10586
10588
10589
1059
10591
10592
10594
10595
10597
10598
1060
10600
10602
10603
10605
10606
10607
10608
10609
10611
10613
10614
10615
10616
10617
10618
1062
10621
10623
10625
10626
10627
10628
1063
10631
10632
10634
10637
10638
10640
10641
10643
10644
10645
10651
10652
10653
10654
10655
10656
10657
10658
10659
10661
10664
10667
10668
10669
10670
10671
10672
10673
10675
10677
10678
10682
1069
10693
10694
10695
1070
10712
10713
10714
10717
1072
10723
10724
10725
10726
10728
1073
10730
10732
10733
10735
10738
10741
10742
10745
10746
1075
10753
10755
10758
10761
10762
10765
10766
10767
10768
10769
10771
10772
10773
10775
10776
10778
10780
10782
10783
10787
10788
10795
10797
10799
1080
10800
10801
10802
10803
10806
10807
10808
10809
10810
10813
10814
10818
10824
10826
10827
10838
10840
10844
10845
10847
10848
10849
10855
10856
10857
10859
1087
10870
10873
10874
10875
10882
10884
10885
1089
10890
10891
10892
10897
10898
10899
109
10901
10902
10903
10904
10905
10906
10907
10908
10910
10911
10913
10914
10915
10916
10917
10919
10920
10921
10922
10923
10926
10927
10928
10930
10933
10935
10938
10939
10943
10944
10945
10946
10947
10948
10949
10950
10951
10952
10953
10954
10955
10956
10957
10959
10960
10961
10965
10966
10969
10970
10971
10972
10974
10975
10978
10979
10980
10981
10982
10983
10985
10987
10988
10989
10992
10994
10999
11000
11001
11004
11006
11007
11010
11012
11013
11014
11015
11017
11018
1102
11020
11021
11022
11030
11031
11033
11034
11035
11039
1104
11041
11042
11043
11044
11046
11047
1105
11051
11052
11054
11056
11057
1106
11060
11064
11065
11066
11068
1107
11072
11073
11074
11076
11078
11079
1108
11080
11083
11092
11094
11096
11097
11098
11099
11100
11103
11104
11108
1111
11112
11116
11118
11119
1112
11120
11122
11123
11124
11127
11129
1113
11130
11132
11137
11138
1114
11140
11141
11142
11143
11145
11146
11147
11148
11151
11152
11153
11154
11156
11157
11158
11159
1116
11160
11161
11162
11163
11164
11165
11167
11168
11169
11171
11177
11179
11180
11183
11186
11187
11188
11190
11191
11193
11196
11198
112
1120
11200
11201
11212
11213
11214
11215
11218
11221
11222
11224
11226
11231
11232
11234
11235
11236
112398
112399
1124
11240
11243
11244
112479
112487
11251
11252
11253
11254
11255
11257
11258
11259
11261
112611
112616
11264
11266
11267
112724
11273
11274
11275
11277
11278
11280
11282
11284
11285
112885
113
1130
113000
11309
1131
11311
113115
11313
11315
11316
11317
11319
11320
11321
11322
113230
113235
113246
11325
113251
113263
113277
113278
11328
11329
11331
11332
11333
11334
11335
11336
11337
11338
11340
11342
11343
11344
11345
11346
113510
113612
113730
113791
1138
113878
114034
114044
114049
114088
114134
114224
114294
114327
114569
114609
1147
114769
114784
114789
114805
114824
114836
114876
114879
114880
114881
114882
114883
114884
114885
114897
114899
114902
114905
114971
114987
115
115004
1152
115201
1153
115353
1154
1155
115548
115677
115761
115817
1159
1160
116092
1161
116138
116154
1163
1164
116444
116461
116496
116832
116835
116842
116984
116985
116987
117178
117246
117247
1173
1174
1175
117581
117584
1176
117608
1178
117854
1179
118
1182
1184
118427
118430
118460
1186
118611
1191
1192
119391
1195
119504
1198
120
1200
1201
1203
120400
120526
1207
1209
1211
1212
1213
121441
121504
122769
122773
122809
123
1230
123036
123207
123355
123606
1238
1240
124044
124152
124245
124454
124540
124583
124637
124872
125
125058
125476
1259
126
126068
126282
126295
126298
1265
1266
126661
126669
1267
1268
126859
126868
127
127262
127544
127602
1277
1278
127933
128
1284
128637
1288
128861
128864
128869
128977
1290
129080
129138
1292
129285
1293
1294
129790
129807
1299
130
1300
130026
1302
1303
130340
130399
1306
1307
1308
1312
1314
1315
1316
131601
1317
1318
131965
132
132321
1326
1327
1329
133
1337
1339
134
1340
1345
134553
1346
1347
134728
1349
1350
1351
135112
135114
1352
135228
1353
1355
1359
136
1362
1363
1364
1365
1366
1368
1369
1371
137209
1373
137362
1374
1375
1376
1378
1384
1385
1386
1387
138716
1388
1389
1390
1396
139728
1398
139818
1399
14
140
140453
140459
140460
140461
140462
140465
140469
140545
140609
140612
140679
140680
140685
140686
140688
140690
1407
140700
140701
140706
140733
140738
140771
140803
140809
140876
140885
140894
1415
142
1428
1429
142910
143
143098
1431
1432
143279
1434
1435
1436
143684
1445
144501
144571
144577
144715
144811
1452
145282
1453
1454
145483
145508
1456
1457
145783
145873
1459
145942
1460
1462
146223
1465
146540
1466
146723
1468
1469
146956
1471
147179
1472
147339
1475
1476
147670
147694
1477
1478
147837
1479
147949
148022
148137
148189
148254
148304
148545
1486
1487
148789
1488
148870
1490
149069
1491
149233
149371
149461
149466
1495
149699
1497
149840
1499
149986
149992
150
1500
150000
150290
1503
150372
150465
150538
150696
150737
150759
1508
150864
1509
150962
1510
151009
151050
151171
151188
151194
151195
1512
151230
151254
1513
1514
1515
151648
1520
152006
152195
1522
1523
152302
1525
1528
153090
153163
153222
153241
1534
1535
1536
1537
1538
154
1540
154007
1545
154664
154807
1551
155368
155370
155435
1555
1559
156
1562
157
1573
157506
157567
1576
157627
157697
1577
158
158158
158160
158228
158234
158293
158399
158401
158471
158521
158747
158800
1589
158960
159091
159296
1593
1595
159686
16
160
1601
1602
1603
1604
1605
160518
1606
160851
160857
160897
161
1611
1612
161424
1615
1616
161635
162
1620
162073
1622
162239
162394
162655
1628
1629
162972
162993
162998
163
163049
163050
163051
163081
163154
1632
1633
1634
163486
1635
163859
163882
1639
164
1642
1643
164312
164395
1644
1645
1646
1647
165
1650
1652
1653
1654
1655
1656
1657
1659
166
1660
1662
1663
1665
1666
166647
166824
166968
1670
1671
1674
1675
1676
1677
1678
168741
168850
1690
169693
169841
169966
169981
170082
170463
170482
170487
170506
170575
170960
171023
171220
171568
1716
1718
1719
172
1723
1725
1727
1728
1729
1730
1733
1734
1735
1736
1737
1738
1739
1741
1743
175
1755
1756
1760
1762
1763
1774
1776
1777
1778
178
1780
1781
1783
1785
1786
1787
1789
1793
1794
1796
1797
1798
18
1800
1801
1802
1803
1806
1808
1809
1810
1811
1819
182
1820
1822
1824
1827
1829
183
1831
1832
1836
1839
1841
1843
1845
1847
1848
185
1850
1852
1854
1855
1857
1859
1861
1869
1871
1875
1877
1880
1890
1891
1892
1893
1894
19
1901
1902
1906
1908
191
1910
1912
1915
1917
192111
192286
192669
1933
1936
1937
1938
1939
1942
1945
1946
1948
1950
1951
1952
1954
1956
1958
196
1960
1962
1964
196441
1965
196513
196528
1967
1968
1969
196951
197259
1973
197320
197370
1974
1975
1977
1978
1979
1981
1982
1983
1984
199
1992
1993
1994
199692
1997
1998
1999
2
2000
200081
200150
2002
200312
2005
200576
200765
200895
200958
2010
201163
201176
2012
201254
201283
2013
2014
201626
201651
2017
201931
202
202020
202051
2021
202243
2023
202333
2026
2027
2028
2029
203
2030
203068
203069
203111
203228
2034
203427
2035
2037
2039
204
2040
2041
2043
2048
204851
2049
204962
205
2050
2051
2052
2053
2055
2058
2059
2060
2063
2064
2065
2067
207
2071
2073
2074
2077
2079
208
2098
210
2100
2101
2104
2107
2108
2109
211
2110
2113
2114
2117
2118
212
2120
2122
2123
2124
2125
2130
2131
2132
2135
2145
2146
2149
215
2150
2152
2157
216
2161
2166
2168
217
2171
2172
2175
2176
2178
218
2180
2181
2182
2184
2185
2186
2188
2189
219
2192
2193
219402
219409
2195
219654
219699
2197
219833
22
220
2200
220074
220082
2201
2203
220388
220441
2205
2207
220930
220992
221
221091
221188
2212
221264
221294
221409
221443
221656
2217
221710
221749
2218
221927
221960
222068
222161
2222
222223
222235
222255
2224
222584
222642
222643
222663
223
2230
2232
2237
2239
224
2252
2258
226
2260
2261
2263
2264
2267
2268
2271
2272
2273
2274
22794
22795
22796
22797
2280
22800
22801
22802
22803
22807
22809
2281
22818
22820
22822
22823
22824
22826
22827
22828
22832
22834
22836
22837
22838
22839
22841
22845
22846
22849
22850
22856
22858
2286
22862
22863
22864
22868
22869
2287
22870
22872
22875
22876
22877
22878
22879
2288
22880
22881
22882
22883
22884
22887
22889
22893
22894
22895
22897
229
22900
22902
22903
22904
22905
22906
22907
22908
22909
22911
22913
22916
22918
22919
22920
22921
22925
22927
22928
22929
22930
22931
22932
22933
22936
22937
22938
2294
22941
22944
22948
22949
2295
22950
22954
22955
22974
22977
22978
2298
22980
22981
22983
22985
22987
22990
22992
22993
22995
22996
22998
23
230
23002
23008
23011
23013
23014
23015
23019
23020
23022
23023
23028
23029
23031
23032
23033
23034
23035
23038
23039
23042
23043
23047
23048
23049
2305
23051
23052
23054
23061
23062
23063
23064
23065
23067
23070
23071
23072
23074
23075
23077
23078
2308
23080
23081
23082
23085
23086
2309
23091
23093
23095
23097
231
2310
23107
23108
23111
23112
23113
23118
23122
23125
23126
23129
2313
23135
23136
23137
23139
2314
23140
23141
23142
23144
23151
23152
23155
23157
2316
23160
23161
23163
23164
23166
23168
23169
2317
23170
23172
23173
23174
23175
23176
23177
23178
23179
23180
23181
23184
23185
23186
23187
23189
2319
23191
23192
23193
23196
23197
23198
23199
23200
23201
23204
23207
23210
23211
23212
23215
23216
23218
23219
23224
23228
23229
23230
23231
23235
23236
23239
23241
23242
23243
23244
23245
23246
23248
23253
23254
23255
23256
23259
23261
23262
23263
23265
23266
23268
23270
23271
23276
23277
23279
23281
23284
23285
23286
23287
2329
23291
23295
2330
23300
23301
23303
23304
23305
23306
23307
23309
2331
23312
23313
23314
23315
23317
23321
23325
23327
23328
23331
23333
23334
23335
23336
23341
23344
23347
2335
23350
23351
23352
23354
23355
23357
23358
23360
23362
23365
23366
23367
23368
23369
23370
23376
23378
23379
23381
23382
23383
23384
23385
23386
23387
23389
2339
23392
23394
23395
23396
23397
23398
23399
23400
23401
23404
23405
23408
23410
23411
23412
23417
2342
23421
23423
23428
23429
23433
23435
23438
23440
23443
23446
23450
23451
23452
23456
23462
23463
23464
23468
23469
23471
23473
23474
23475
23478
23479
2348
23480
23481
23483
23484
23491
23499
23503
23505
23506
23510
23514
23515
23516
23517
23518
23521
23522
23523
23524
23527
23528
23529
2353
23530
23531
23533
23534
23536
23541
23542
23543
23545
23548
23549
23550
23551
23554
23555
23556
23557
23558
2356
23560
23563
23564
23568
23576
2358
23580
23582
23583
23584
23585
23586
23587
23588
23589
23590
23592
23593
23594
23595
23596
23597
23598
23600
23603
23604
23607
23608
23609
23613
23621
23623
23624
23625
23633
23635
23636
23637
23639
23640
23643
23644
23645
23646
23647
23648
23649
23650
23654
23657
23658
23659
23670
23677
23678
23683
23705
23708
23710
23731
23741
23746
23753
23760
23761
23762
23764
23766
23767
23768
23770
23774
23779
23780
23786
23787
23788
2395
240
241
24137
24138
24139
24140
24144
24145
24146
24148
24149
2444
245972
246126
246175
246243
2483
2487
2491
2494
2495
25
251
2517
2519
2521
2524
2525
2526
2528
252839
2530
253039
2531
253143
253190
253264
2533
2534
2535
2537
253725
253769
2539
253943
253959
253982
254065
254102
2542
254240
254251
254394
254531
2547
2548
254827
254896
2549
255031
255082
2551
255220
255231
2553
255374
255403
2555
255520
256051
2561
256126
2562
256369
2564
2569
2570
257044
257397
257407
25764
25771
25776
25777
25778
25782
25788
25792
25793
25796
25797
25798
2580
25800
25801
25804
25805
25807
2581
25813
25814
25816
25819
2582
25820
25821
25822
25823
25824
25825
25828
25829
25831
25832
25833
25836
25839
25840
25842
25843
25844
25847
25849
2585
25851
25852
25854
25855
25864
25865
25871
25873
25874
25875
25876
25878
25879
2588
25880
25888
2589
25890
25896
25897
2590
25900
25901
25902
25904
25906
25909
25911
25912
25913
25914
25915
25917
259197
2592
25920
25921
259215
25923
25924
259266
25928
25930
25932
25934
25936
25939
25940
25948
25949
25950
25953
25959
25962
25963
25966
2597
25970
25972
25974
25977
25978
25979
25980
25981
25983
25984
25987
25988
25989
25994
25996
25998
26
26000
26001
26002
26003
26005
26007
26009
26010
26012
26013
26017
26018
26019
26020
26022
26024
26027
260294
26031
26036
26037
26039
26043
26046
26051
26053
26054
26056
26058
26060
26061
26063
26064
26065
26071
26073
26084
26091
26092
26093
26097
26098
26099
26100
26118
26121
26122
26123
26127
26128
26130
26133
26134
26135
26136
26137
26147
26148
2615
26151
26152
26154
26155
26156
26160
26164
26168
2617
261726
261734
2618
26190
26191
262
2620
26205
26207
2621
26212
26225
26227
26229
26232
26233
26234
26235
26240
26245
26247
26249
26254
26256
26258
26268
26269
2627
26270
26271
26272
26273
26275
26277
2628
26286
2629
26290
26292
26297
26298
2630
2631
2632
2633
26338
2634
2635
26353
26354
26355
2639
2643
2644
26469
2647
26470
26471
2648
26499
2650
26502
26503
26504
26505
26507
26509
26511
26512
26515
26517
26519
26520
26521
26523
26524
26528
26532
26574
26576
26578
26580
26585
26586
26589
26610
2664
2665
266553
266740
2669
266917
267
267004
2671
2673
26750
26751
26762
2677
2678
26780
2683
2686
26872
2690
2694
26958
26959
26960
2697
26973
26984
26993
26994
26995
26996
26999
27
27005
27010
27012
27013
27018
27020
27030
27032
27034
27035
27042
27043
27044
2705
2706
27065
27067
27068
27069
2707
27071
27072
27074
27075
27077
27086
27089
27090
27095
27097
27099
2710
27101
27102
27106
27107
27109
27111
27115
27122
27123
27129
27130
27131
27134
27141
27145
27148
27151
27154
27163
27165
27166
2717
27173
27183
27199
272
2720
27229
27230
27233
27235
27236
27237
27238
27239
27241
27243
27244
27247
27248
27249
27250
27252
27253
27257
27258
27284
27286
2729
27290
27292
27293
27297
27299
2730
27301
27303
27304
27306
27309
27315
27324
27327
2733
27332
27333
27335
27336
27338
27339
2734
27340
27341
27342
27345
27347
27348
27349
27350
27352
2739
274
27429
27430
27436
2744
27440
27445
2745
2746
2747
275
2752
276
2760
2762
2764
2767
2769
2770
2771
2773
2778
2782
2783
2784
2786
2787
2790
2791
2794
2797
2799
2800
2801
2802
2803
2804
2805
2806
280636
2810
2820
2821
2822
28231
28232
28234
282763
283
283106
283212
283232
283237
283316
283375
283450
283489
283507
283571
283578
283585
283638
283687
283693
283742
283820
283897
283922
283927
283933
284001
284058
2841
284161
284273
284306
284307
284422
284440
284443
284459
284498
284759
284805
284837
2850
28511
28514
285172
285203
285237
285268
285282
285367
285527
285672
2857
285753
285755
285761
2859
285955
286148
2862
2863
286451
2869
2870
2872
2873
2874
2876
2877
2878
2879
288
2885
2886
2887
2888
28951
28952
28954
28955
28956
28957
28959
2896
28960
28962
28964
28966
28969
28971
28972
28973
28974
28976
28977
28978
28981
28982
28984
28985
28986
28987
28988
28989
28990
28991
28992
28996
28998
29
290
29015
29028
2904
29057
29058
29063
29066
29068
29072
29074
29078
29079
2908
29080
29081
29082
29083
29085
29086
29087
29088
29089
2909
29090
29091
29093
29094
29095
29097
29099
291
29100
29101
29102
29103
29104
29105
29107
29108
29109
2911
29110
29115
29116
29121
29123
29128
2916
2918
2919
292
2920
2921
2923
2926
2931
2932
2934
2935
2936
2937
2941
2944
2948
2950
2952
2954
2956
2958
2959
2960
2961
2962
2963
2965
2966
2968
2969
2971
2975
2976
29760
29761
29766
29775
29777
29781
29785
29789
2979
29796
29799
29801
29803
2984
29842
29843
29844
2987
29880
29882
29883
29886
29887
29888
29889
29890
29894
29896
29899
2990
29901
29902
29907
29911
29914
29916
29919
2992
29920
29922
29923
29924
29925
29926
29927
29928
29929
29935
29937
2994
29940
29941
29943
29945
29946
29950
29952
29953
29954
29956
29957
29959
29960
29966
29967
29968
29969
2997
29970
29974
29978
29979
29980
29982
29986
29988
29990
29992
29994
29995
29997
30
30001
30008
3001
30011
3002
3005
3006
30061
3008
301
3012
3014
3015
3017
302
3020
3021
3028
3029
3030
3032
3033
3035
3037
3038
3039
304
3040
3043
3046
3048
3052
3054
3055
3059
306
3064
3065
3066
3068
3069
307
3070
3074
3077
3078
308
3081
30815
30817
3082
30834
30836
3084
30851
3087
309
3091
3092
3093
3094
3096
30968
3097
3098
310
3106
3107
3108
3109
311
3111
3112
3113
3115
3117
3119
312
3120
3122
3123
3126
3127
3128
313
3133
3134
3135
3140
3141
3145
3146
3148
3149
3150
3151
3155
3156
3157
3158
3159
3161
3162
3163
3164
3169
317
3170
3172
3174
3176
317649
3177
317781
3178
318
3181
3182
3183
3184
3187
3188
3189
3190
3191
3192
32
3202
3204
3205
3215
3216
3217
3219
3226
323
3231
324
3241
3248
3249
3251
3257
326340
3265
3267
3269
327
3275
3276
328
3280
3281
329
3290
3291
3294
3295
3298
330
3300
3301
3303
3304
3306
3308
3309
331
3310
3312
3313
3315
332
3320
3321
3326
3329
3336
3337
3338
3339
333926
334
3364
3371
3373
3376
3382
3383
3384
3385
338651
339
339044
339201
339324
339500
3396
339622
339665
3397
3398
339834
3399
34
3400
340152
340156
340340
340348
340547
3416
3417
3419
3420
3421
3422
3423
342538
3426
3428
342892
3429
343
3430
343099
3431
343641
3437
343702
3454
3459
346
3460
346007
346389
346606
347
347344
3475
3476
347736
348
3482
348327
3485
3486
348654
3487
3489
348995
3490
349075
3491
35
3508
351
3516
353
353514
355
3550
3551
3553
3554
3557
3560
3561
3566
357
3570
3572
3574
3575
3576
358
3581
3587
3588
3594
3597
3598
3600
3601
3604
3606
3607
3608
3609
361
3611
3612
3613
3614
3615
3621
3622
3626
3628
3632
3635
3638
3643
3646
3652
3654
3655
3659
3660
3661
3662
3664
3667
3669
3670
3671
3672
3673
3676
3678
3680
3682
3688
3689
369
3690
3691
3692
3693
3694
3696
37
3702
3704
3705
3707
3709
3710
3712
3714
3716
3717
3718
372
3720
3725
3726
3727
3728
373
3730
373156
3735
374
374286
374291
374378
374407
374860
374868
374928
375
375056
375248
375318
375449
375513
375607
375790
3759
3760
3761
377
3772
3775
3778
378
3783
3784
3785
378805
378938
379
3790
3796
3799
38
3805
381
3815
382
3820
3822
3832
3833
3835
3836
3837
3838
3839
384
3840
3841
3842
3843
3856
3858
386597
387
387082
3872
387316
387338
3875
387521
387522
387680
387893
387895
3880
388011
3881
388199
388403
388558
388566
388650
388695
389161
389170
389199
3892
389432
3895
3897
389741
3898
389812
389906
39
390058
390059
390063
390064
390066
3909
391
3910
3912
3913
3914
3915
3916
3918
392
3920
3925
3927
3930
3932
3934
3936
3937
3938
3939
394
3945
3949
395
3953
3954
3956
3957
3958
3959
396
3960
3964
3965
397
3976
3980
3981
3983
3985
3987
3988
3991
3992
3993
399664
399669
3998
399909
399979
400
4000
4001
400322
400410
4005
400506
4008
400830
400850
401098
401106
4012
401261
4013
401320
401321
401427
401428
401463
401466
4015
401577
4017
402
4023
4026
403
4033
403314
4035
4040
4041
4043
404636
4047
4048
4049
4050
4051
4052
4053
4054
4055
405754
4060
4061
4063
4065
4067
4069
4070
4071
4072
4074
4076
4077
408
4082
4085
4086
4087
4089
409
4090
4091
4092
4093
4094
4097
410
4100
4101
4102
4105
411
4110
4111
4113
4116
412
4121
4122
4123
4124
4125
4126
4128
4130
4134
4139
414
4140
4141
414235
4144
4147
414777
4149
415
4150
4151
415117
4152
4154
4162
4166
4170
4171
4172
4174
4175
4176
4179
4189
419
4190
4191
4192
4193
4194
4199
4200
4201
4205
4212
4216
4217
4218
4221
4224
4232
4234
4236
4237
4238
4245
4246
4247
4253
4255
4256
4257
4258
4259
4267
427
4277
4281
4282
4283
4285
4286
4287
4289
4292
4293
4296
4299
430
4300
4301
4303
4306
4312
4313
4314
4318
4319
4320
4321
4323
4324
4327
4329
4330
4331
4332
4335
4338
4343
4345
435
4350
4351
4354
4357
4358
4360
4361
4363
43849
439
439949
440
440101
440193
440270
440275
440354
440434
440465
440498
440515
440836
440915
440944
441024
441168
441212
441263
441295
442191
442582
4436
4437
4439
444
445
445329
445815
4478
4482
4486
4487
4488
4494
4495
4496
4501
4502
4507
4515
4520
4521
4522
4528
4534
4548
4552
4580
4582
4583
4584
4585
4591
4594
4595
4598
4599
4601
4602
4605
4609
4610
4613
4615
4616
4628
4629
4635
4638
4640
4641
4642
4643
4645
4646
4649
4650
4651
4659
4660
4661
4664
4666
4668
4669
467
4670
4673
4674
4676
4677
4678
468
4680
4681
4682
4683
4686
4688
4690
4691
4693
4694
4695
4696
4697
4698
47
4700
4701
4702
4703
4704
4705
4706
4707
4708
4709
471
4710
4711
4712
4713
4714
4715
4716
4717
4718
4719
472
4720
4722
4723
4724
4725
4726
4728
4729
473
4731
4733
4734
4735
4736
4738
4739
474
474343
474344
475
4751
4752
4753
4756
4758
476
4763
4771
4772
4774
4775
4779
4780
4781
4782
4783
4790
4791
4798
4799
48
4800
4801
4802
4809
481
4811
4815
4817
4820
4821
4824
4828
483
4830
4831
4832
4835
4836
4837
4839
4841
4842
4849
4850
4851
4853
4854
4860
4862
4863
4864
4869
488
4885
4886
489
4891
4893
4897
4898
4899
49
490
4904
4905
4907
4913
4923
4924
4925
4926
4927
4928
4929
4938
493812
4939
4940
4942
4946
4947
4948
4952
4953
4956
4957
4967
4968
4976
4983
49854
49855
49856
4998
4999
50
5000
5001
5002
5007
501
5016
5018
5019
5021
5025
5028
5030
5033
5034
5036
5037
5042
5045
5046
5048
50484
50485
50486
50488
5050
50506
5051
5052
5053
5054
5058
506
50613
50618
50619
5062
50626
50640
50650
5066
5068
50717
5073
5074
50804
50807
50808
50809
50810
50813
50814
5082
50839
50848
50853
50854
50856
50861
50862
50865
5087
5089
509
5090
5092
5093
5094
5095
5096
5097
5098
5099
50999
51
51000
51001
51002
51006
51008
51009
51010
51011
51012
51014
51015
51016
51018
51019
51020
51021
51022
51024
51025
51026
51027
51029
51030
51031
51035
51042
5105
51053
51054
51056
51057
5106
51060
51061
51062
51065
51067
51068
51069
51070
51071
51072
51073
51074
51075
51076
51077
51078
51079
5108
51081
51082
51083
51084
51087
51088
51091
51093
51094
51095
51096
51097
51098
51099
5110
51100
51101
51102
51103
51104
51105
51106
51107
51108
51109
5111
51110
51111
51112
51114
51115
51116
51117
51118
51119
51121
51122
51123
51124
51125
51126
51128
51130
51133
51134
51135
51136
51138
51141
51142
51143
51144
51150
51154
51155
5116
51160
51163
51164
51167
51170
51172
51174
51176
51181
51182
51184
51185
51186
51187
51188
5119
51192
51194
51195
51196
51199
51200
51201
51202
51203
51204
51205
5121
5122
51227
51228
51230
51231
51232
51234
51236
51237
51239
51241
51244
51246
51247
51248
51249
5125
51250
51251
51253
51255
51256
51257
51258
51259
51260
51263
51264
51267
5127
51271
51272
51274
51275
51277
51278
51279
5128
51280
51282
51283
51284
51285
51287
51290
51291
51292
51293
51295
513
51300
51302
51303
51304
51306
51307
51309
51313
51315
51316
51317
51318
51319
51320
51321
51322
51324
51326
51329
51330
51335
51337
51338
51339
5134
51340
51343
51347
51351
51361
51362
51363
51366
51367
51368
51371
51373
51374
51375
51377
51379
51380
51382
51385
51386
51388
51389
51390
51397
51398
51399
514
5140
51400
51406
51409
5141
5142
51421
51422
51426
51427
51428
51429
5143
51430
51433
51434
51435
51439
5144
51441
51444
51447
51451
51454
51455
51463
51465
5147
51474
51478
51479
51490
51491
51493
51495
51496
51497
51499
515
5150
51501
51503
51504
51506
51507
5151
51510
51512
51514
51517
5152
51520
51522
51523
51524
51526
51527
51528
51530
51531
51533
51534
51535
51537
51538
5154
51540
51542
51545
51547
51548
51552
51554
51559
5156
51561
51562
51566
51567
51569
51571
51573
51575
51582
51585
51586
51588
51592
51593
51594
51596
51599
516
5160
51601
51602
51603
51604
51605
51606
51608
51611
51614
51616
51619
5162
51621
51626
51629
51631
51634
51635
51637
51639
51642
51643
51645
51646
51647
51649
5165
51650
51651
51652
51654
51655
51657
51659
51660
51661
51663
51666
51667
51668
51669
5168
51684
5169
51690
51691
51692
51693
51696
51699
517
5170
51700
51701
51703
51705
51706
51714
51715
51719
5172
51720
51726
51727
51728
51729
51734
51735
51741
51742
51747
5175
51750
51752
51755
51759
5176
51762
51763
51764
51765
51768
51773
51776
51780
518
51805
51808
51809
51816
5184
5189
5191
5192
5193
5194
5195
5198
52
5201
5202
5203
5204
5208
5209
521
5211
5213
5214
5216
5217
5218
522
5223
5225
5226
5228
5229
523
5230
5236
5238
5243
5245
5250
5252
5253
5255
5256
5257
526
5264
5265
5266
5268
527
5272
5274
5277
5279
528
5281
5283
5284
5286
5287
5289
529
5290
5291
5292
5293
5296
5297
5298
53
5300
5303
5306
5307
5308
5310
5311
5315
5316
5318
5319
5320
5321
5322
5324
5325
5326
5327
5328
5329
533
5332
53335
53339
53340
53343
53346
53349
5335
5336
5337
53371
53373
5338
5339
53405
53407
5341
5342
5347
5349
535
5351
5352
5355
5356
5357
5358
5359
5360
53615
5362
53630
5365
537
5371
5372
5373
5376
5379
538
53820
53827
53832
53834
53840
53841
5387
539
53905
53917
53918
5393
53938
5394
53944
5396
53981
54
540
54014
54020
54033
54058
54067
54069
5408
54093
54101
54103
54107
54108
5411
5412
54148
54149
541578
54165
54187
5420
54205
54206
54207
5422
5423
5424
5425
5426
5427
5428
5429
5430
5431
5432
5433
54331
5434
54344
5435
5436
5437
5438
54386
5440
54407
5441
54414
5442
54432
54433
54434
54436
54438
54439
54440
54442
54443
5445
54453
54454
54458
54460
54461
54462
54463
54464
54465
54467
54468
54469
5447
54470
54471
54472
54475
54476
54477
54478
54482
54490
54491
54492
54494
54496
54497
54498
54499
545
5450
54502
54503
54504
54505
54509
5451
54512
54516
54517
54520
54521
54529
54535
54536
54537
54539
54540
54541
54542
54543
54545
54546
54552
54553
54554
54555
54556
54558
54566
54567
54576
54578
54583
54585
54596
546
54600
54606
54617
54619
54620
54621
54623
54626
54629
5464
5465
54658
54659
54663
54664
54665
5467
54675
54677
5468
54680
54681
54682
5469
54700
54704
54707
54708
5471
54726
54732
54733
54737
54741
54749
5475
54751
54758
5476
54762
54776
54778
5478
54780
54784
54788
5479
54790
54793
54795
54797
54799
5480
54800
54801
54802
54805
54806
54807
54808
5481
54810
54811
54812
54815
54816
54819
54820
54821
54822
54825
54826
54827
54828
54830
54831
548313
54832
54834
54836
54838
54839
54840
54841
54842
54843
54845
54847
54849
54850
54851
54853
54855
54858
54859
54860
54861
54863
548645
54866
54867
54870
54872
54876
54877
54878
54879
54880
54881
54882
54883
54884
54885
54886
54888
54890
54892
54894
54896
549
54900
54901
54902
54903
54904
54906
54908
54913
54914
54915
54916
54918
54919
54922
54923
54925
54926
54927
54928
54929
5493
54930
54931
54932
54933
54934
54935
54936
54939
5494
54940
54942
54943
54946
54948
54949
5495
54951
54952
54953
54955
54956
54957
54958
54961
54962
54963
54964
54965
54968
54969
54971
54973
54974
54976
54977
54978
5498
54980
54981
54984
54989
5499
54991
54994
54995
54996
54997
54998
5500
55000
55002
55003
55004
55005
55006
55007
55008
55009
5501
55010
55011
55012
55013
55014
55015
55016
55017
55018
55020
55022
55024
55027
55028
55030
55031
55032
55033
55034
55035
55037
55038
55039
5504
55040
55041
55048
55049
55052
55054
55055
55056
55062
550631
55068
55069
55070
55072
55073
55074
55075
55076
55080
55081
55082
55084
55088
55089
5509
55090
55092
55093
55094
5510
55100
55102
55105
55107
55108
55109
5511
55111
55113
55114
55116
55119
55120
55122
55124
55125
55127
55128
55129
55131
55132
55133
5514
55140
55142
55143
55144
55145
55146
55147
55149
5515
55151
55153
55156
55159
5516
55160
55161
55163
55164
55165
55166
55167
55168
55170
55171
55172
55173
55177
55178
55179
5518
55180
55181
55182
55183
55184
55186
55187
55188
5519
55191
55192
55193
55196
55197
55198
55199
5520
55200
55201
55204
55205
55206
55207
55210
55212
55213
55215
55216
55218
55219
55225
55226
55227
55229
5523
55233
55234
55236
55239
5524
55240
55245
55246
55247
55248
55249
5525
55250
55252
55253
55254
55255
55256
55257
55258
55268
5527
55270
55272
55274
55276
55277
55278
5528
55280
55284
55285
55286
55288
552891
5529
55290
552900
55291
55293
55294
55295
55297
55299
5530
55303
55304
55308
5531
553115
55312
55313
55314
55315
553158
55316
55317
55319
5532
55320
55322
55324
55325
55326
55327
55328
55329
5533
55330
55332
55333
55334
55335
55337
55339
5534
55341
55342
55343
55344
55346
55347
55352
55353
55355
55357
55359
5536
55364
55365
55366
5537
55374
55379
5538
55388
554203
55421
55422
55423
55425
554313
55435
55437
55450
55454
5546
55466
5547
55486
5550
55500
55505
55506
55508
5551
55510
55512
5552
55521
55526
55527
55536
55540
55544
55553
55554
55556
55559
55561
55568
5557
55571
55572
55573
55577
55578
5558
55585
55589
55591
55592
55593
55596
55600
55601
55602
55603
55604
55605
55607
55608
55609
55610
55611
55612
55614
55615
55617
5562
55620
55621
55622
55623
55624
55625
55627
55628
55629
55630
55631
55632
55634
55635
55636
55638
5564
55640
55643
55644
55646
55647
5565
55650
55651
55653
55654
55655
55656
55657
55658
55659
5566
55660
55661
55664
55665
55666
55667
55668
55669
5567
55671
55672
55677
55680
55681
55683
55684
55686
55687
55689
55692
55695
55696
55697
55699
5570
55700
55701
55702
55703
55705
55706
55707
55709
5571
55711
55715
55716
55717
55718
55719
55720
55721
55723
55726
55727
55728
55729
5573
55731
55732
55733
55734
55735
55737
55738
55739
55740
55741
55742
55743
55744
55745
55746
55748
55750
55751
55752
55754
55755
55756
55757
55758
55759
5576
55760
55761
55762
55763
55764
55765
55766
55768
55769
5577
55770
55771
55773
55775
55777
55779
5578
55781
55783
55784
55785
55787
55788
55789
5579
55790
55791
55793
55794
55795
55798
558
5580
55802
55806
55808
55809
55810
55812
55813
55814
55816
55819
55824
55825
55827
55829
5583
55830
55831
55832
55833
55835
55837
55839
5584
55840
55841
55846
55847
55848
5585
55850
55852
55854
55856
55857
55858
5586
55860
55861
55862
55863
55869
5587
55870
55872
55876
55884
55888
5589
55890
55892
55893
55898
55900
55902
55904
55905
55906
55907
55909
5591
55911
55914
55915
55916
55917
55920
55922
55929
55930
55937
5594
5595
55954
55958
55959
55967
55968
55969
5597
55970
55972
55973
55974
55975
55997
56
56001
56005
56006
5601
5602
5603
56034
5605
56052
5606
56061
56063
5607
5608
5610
5611
56114
5612
56122
56126
5613
56163
56171
56172
5618
56180
56181
56204
5621
56242
56243
56252
56254
56256
56257
56259
56261
56267
5627
56270
56288
5629
563
5631
56339
5634
56342
5635
5636
5638
5639
5641
5645
5646
56474
56475
56477
56478
5652
56521
5654
56547
5655
5660
56606
56616
56623
5663
5664
56647
56648
56650
56652
56654
56655
56670
56672
56674
56675
56681
56683
567
56704
56731
5675
5678
5681
5682
56829
5683
56833
5684
5685
56851
56852
5686
5687
5688
56882
56886
56888
56889
5689
56890
56892
56893
56894
56895
56898
5690
56902
56904
56905
56906
56907
5691
56910
56911
56912
56913
56915
5692
56922
56924
56925
56927
56928
5693
56935
56937
56938
5694
56940
56941
56942
56943
56944
56945
56946
56947
56949
5695
56950
56951
56954
5696
56965
56970
5698
56980
56984
56985
56986
56987
5699
56990
56992
56993
56994
56995
56996
56997
56998
5700
57001
57002
57003
5701
57010
57016
57017
57018
57019
57020
57030
57035
57037
57038
5704
57045
5705
57050
5706
57060
57061
57062
5707
5708
57082
57085
57088
57089
5709
57092
57095
57097
57099
571
5710
57102
57103
57107
57109
57111
57117
57120
57122
57125
57126
57128
57129
5713
57130
57132
57134
57136
5714
57140
57142
57146
57147
57148
5715
57150
57154
57157
5716
57161
57162
5717
57172
57178
57179
5718
57180
57181
57182
57185
57186
57188
57189
5719
57190
57192
57198
572
5720
5721
57210
57211
57214
57216
57221
57222
57223
57226
57228
5723
57234
5725
5727
5728
5729
573
5730
5732
57325
57335
57337
57343
57380
57381
57393
5740
57402
57403
57404
57405
57406
57407
57409
57410
57414
57415
57418
57419
5742
5743
574414
57446
57447
57448
57460
57461
57462
57468
5747
57470
57472
57473
57474
57475
57478
57480
57486
57488
57492
57496
57498
57504
57506
57507
57508
57509
57510
57511
57514
57515
57521
57522
57523
57526
5753
57530
57531
57533
57534
57535
5754
57541
57544
57545
57551
57552
57553
57556
5756
57560
57561
57568
5757
57570
57579
57584
57585
57586
57589
57590
57591
57595
57599
57600
57602
57606
57609
57610
57615
57617
57619
57620
57622
5763
57630
57631
5764
57645
57648
57649
57650
57654
57655
57658
57661
57662
57665
57669
57670
57678
57679
57684
57685
57693
57696
57697
5770
57700
57703
57704
57706
57708
57709
57711
57715
57720
57721
57727
57730
57732
5774
5775
57761
57763
5777
5778
57786
57794
57798
5780
57804
57805
5781
57818
57819
5782
57820
57823
57826
57827
5783
57834
5786
57862
5787
5788
5789
5792
5793
5794
5796
5797
5799
580
5800
5805
5806
581
5810
5813
58155
5817
58189
5819
58190
58191
582
5822
5824
5825
5827
5828
5829
583
5830
5831
5832
5833
5834
5836
58472
58473
58475
58476
58477
58478
58480
58486
58487
58488
58490
58491
58492
58493
58495
58496
58497
58505
58508
58513
58515
58516
58526
58527
58528
58530
58533
5859
586
5860
5861
5862
5863
5867
5868
5869
587
5870
5872
5873
5874
5875
5876
5877
5878
5879
5880
5883
5884
5885
5886
5887
5888
5889
5890
5891
5892
5894
5896
5898
58985
58986
5899
59
5901
5902
5903
5905
5906
5908
5909
5910
5912
5917
5918
5919
5920
5921
5925
5926
5927
59272
59274
59277
5928
59285
59286
5929
593
5930
59307
5931
5932
5933
59336
59338
5934
59340
59342
59343
59349
5935
59353
5936
5939
594
5948
595
5954
5955
596
5962
5965
5966
5967
597
5970
5976
5977
598
5980
5981
5982
5983
5984
5985
5987
599
5991
5993
5996
5997
60
6001
6002
6003
6009
6015
6016
6018
6019
602
60312
60313
60314
60343
6035
60370
6038
60386
6039
604
60412
60436
60437
6045
6046
6048
60481
60485
60487
60488
60489
6049
60490
60491
60492
60493
60496
605
6050
60509
6051
60526
60528
60558
60559
60560
60561
6059
60592
60625
60626
60672
60673
60680
60682
60684
60685
60686
607
608
6102
6103
6117
6118
6119
6122
6124
6125
6128
6129
613
6130
6132
6133
6134
6135
6136
6137
6138
6139
6141
6142
6143
6144
6146
6147
6152
6155
6156
6157
6158
6159
6160
6161
6164
6166
6168
6169
617
6170
6171
6173
6175
6176
6181
6182
6183
6184
6185
6187
6188
6189
6191
6192
619279
6193
6194
6195
6196
6198
6199
6202
6203
6204
6205
6207
6208
6209
6210
6217
6218
622
6222
6223
6224
6227
6228
6229
6231
6232
6233
6234
6235
6237
6238
6239
624
6240
6241
6242
6249
6251
6252
6253
6256
6257
6259
6273
6275
6277
6279
6281
6282
6283
6284
6286
629
6291
6293
6294
6296
6301
6302
63027
6303
63035
6304
6305
6307
6309
6310
6311
6314
6318
6319
6320
6322
6328
633
6337
634
6341
6342
6347
6348
6351
6352
6356
6359
6361
6362
6363
6364
6367
6369
637
6372
6373
6375
6376
638
6382
63826
6385
6386
6387
63874
63875
63877
6388
6389
63891
63892
63894
63898
63899
6390
63901
63905
63906
63908
6391
63910
63916
63917
6392
63920
63922
63925
63926
63928
63929
63932
63933
63935
63939
63940
63941
63943
6396
6397
63971
63977
63979
6399
6400
6402
6405
64061
64062
64065
64067
64073
64078
64080
64081
64083
64087
64089
64092
64094
641
64105
64108
64110
64112
64114
64116
64118
64121
64129
64135
6414
64146
64149
6415
64151
6416
64175
6418
6419
642
6421
64210
64215
64216
64219
64222
64223
64224
64225
64231
64236
6426
642636
6427
642778
642799
6428
64283
64284
64285
6429
6430
6431
64318
64319
6432
64324
64326
64327
64328
6433
64332
64333
643338
6434
64342
64343
643529
64374
643837
643854
64393
64396
64397
64398
644
64400
644086
64411
64417
64418
64419
64420
64421
64422
64423
64425
64426
64427
64428
64429
6443
64430
64431
64432
6446
6447
6448
6449
64499
645
64506
6451
6453
6455
645676
645745
64581
64595
64598
64601
6461
646214
6468
64682
646851
64689
64693
64699
6470
64708
64710
6472
64743
64744
64745
64746
64747
64750
64754
64755
64757
64759
6476
64760
64761
64762
64763
64766
64769
6477
64770
64771
64772
64773
64776
64777
64778
64779
6478
64780
64781
64783
64784
64785
64786
64787
64793
64795
64798
648
64801
64839
6484
64844
64847
64848
64853
64854
64855
64857
64858
64859
64860
64863
64864
64866
64881
64895
64897
649
6490
64900
64901
6491
64919
64921
64922
64924
64927
64940
64943
649446
64949
64960
64963
64969
64976
64979
64981
6499
650
6500
65003
65005
65008
65010
65018
6502
6503
6504
6505
65056
65057
65065
65078
65080
65083
65084
6510
65108
65109
65110
65117
65123
65124
65125
6513
651430
6515
6519
6520
6522
65220
6523
65244
6525
65251
65258
6526
65260
65264
65265
652968
653
6533
6535
653519
653583
653808
653857
6541
654433
6546
6548
6549
6556
6558
6565
6566
657
6573
6574
6576
6578
6584
659
6590
6594
6595
6597
65977
65979
6598
65980
65981
65982
65985
65986
65987
65988
6599
65990
65991
65992
65993
65999
66002
66005
66008
6601
6602
6603
66036
6605
6606
661
6611
6612
6613
6614
6617
6618
6619
662
6622
6625
6626
6627
6628
6629
663
6631
6632
6633
6634
6635
6636
6637
6638
664
6641
6642
6643
6645
6646
6647
6648
6649
665
6651
6652
6653
6654
6655
6659
6662
6666
6667
6668
667
6672
6674
6675
6676
6678
6683
6687
6689
669
6690
6691
6692
6693
6696
670
6709
6711
6713
6714
6715
6717
672
6720
6721
6722
6723
6725
6726
6727
6728
6729
673
6731
6732
6733
6734
6737
6738
6741
6742
6744
6745
6746
6747
6748
6749
675
6752
6756
6759
6760
6764
6767
6768
6772
6773
6774
6777
6778
677835
678
6780
6782
6786
6787
6788
6789
6790
6793
6794
6799
6809
6810
6811
6812
6813
6814
6817
6818
6819
6820
6821
6827
6829
6830
6832
6834
6835
6836
6837
6839
684
6840
6844
6845
6846
685
6850
6856
686
6863
6867
6868
6869
687
6871
6872
6873
6875
6876
6878
6879
688
6880
6881
6882
6883
6885
6888
689
6890
6891
6892
6894
6895
6898
6899
6901
6902
6903
6904
6905
6908
6915
6916
6917
6921
6923
6924
6925
6926
6928
6929
6932
6934
6936
694
6940
6941
6942
6944
6945
6947
6949
6950
696
6988
699
6990
6992
6993
6996
6997
6999
7001
7004
7005
7009
701
7013
7014
7016
7019
7021
7024
7026
7027
7030
7031
7033
7035
7037
7039
7040
7041
7042
7045
7048
7049
705
7050
7056
7057
706
7064
7067
7070
7071
7072
7073
7074
7076
7078
7079
708
7082
7083
7084
7086
7088
7089
7090
7091
7094
7095
7096
7097
7098
7099
71
710
7100
7101
7102
7103
7105
7106
7107
7108
7109
7110
7112
7113
712
7123
7124
7125
7126
7127
7128
713
7132
7133
7148
7150
7155
7157
7158
7159
716
7161
7162
7163
7164
7165
7167
7168
7169
717
7170
7171
7172
7174
7175
7177
7178
718
7181
7182
7184
7187
7188
7189
72
720
7203
7204
7205
721
7247
7248
7249
7251
7252
7257
7259
726
7260
7262
7263
7264
7265
7266
7267
7268
727
7270
7272
7274
727699
7278
7280
728194
728233
728283
7283
728361
7284
728464
728492
728591
7286
728606
728613
728642
728661
7289
7290
729020
729082
7295
7296
7297
7298
729852
729991
730051
730202
7305
7306
7307
7311
7314
7316
7317
7318
7319
7320
7321
7322
7323
7326
7327
7328
7329
7332
7334
7336
7337
734
7341
7342
7343
7347
7351
7353
7355
7357
7358
7360
7366
7367
7368
7371
7372
7374
7375
7376
7378
738
7381
7384
7385
7386
7388
7389
7390
7392
7398
740
7402
7403
7405
7407
7408
7409
741
7411
7412
7414
7415
7417
7419
7421
7422
7423
7425
7429
7430
7433
7436
7443
7444
7447
745
7450
7453
7456
7458
746
7461
7464
7465
7466
7468
7469
7474
7485
7486
7494
7498
7504
7507
7508
7511
7512
7514
7515
7516
7517
7518
7520
7525
7528
7529
753
7531
7532
7533
7534
7536
7538
754
7543
7549
7553
7555
7556
7559
7561
7564
7567
757
7570
7572
7574
7576
7580
7581
7586
7589
759
7592
7593
7594
7596
7597
760
761
762
7625
7629
7637
7639
7644
767
7673
7678
768
7692
7693
7695
7696
7697
7699
7700
7702
7703
7705
7707
7709
771
7716
7718
7726
7727
7728
7730
7733
7737
7739
7743
7746
775
7750
7752
7754
7756
7761
7763
7764
7766
7767
7768
7769
7771
7772
7773
7775
7786
7791
7798
7799
780
7803
7804
7805
7812
7813
7818
783
7832
7837
784
7840
7841
7844
7846
7849
7850
7851
7852
7855
7862
7866
7867
7871
7873
7874
7879
788
7884
78987
78988
78990
78991
78994
78996
78999
790
79000
79001
79002
79003
79004
79008
79009
79016
79017
79018
79019
79022
79023
79025
79027
79029
79031
79033
79035
79036
79038
79039
79042
79047
79048
7905
79050
79053
79056
79058
79065
79066
79068
79070
79071
79072
79073
79074
79075
79077
79078
79080
79081
79083
79084
79086
79087
79088
79089
79090
79091
79095
79096
79097
79101
79109
791115
7913
79133
79134
79135
79137
79139
79140
79142
79143
79144
79145
79149
7915
79152
79153
79154
79157
79158
79159
7916
79161
7917
79170
79171
79174
79175
79177
79178
7918
79180
79183
79184
7919
7920
7922
79228
7923
79230
79258
79269
793
79339
79345
7936
79363
79364
79366
79370
7940
7941
79441
79443
79447
79541
79568
7957
79571
79572
79573
79574
79576
79577
79581
79582
79586
79587
79589
79590
79591
79595
79596
79600
79602
79605
79607
79609
79612
79613
79616
79618
79621
79622
79624
79625
79627
79629
79630
79631
79632
79633
79634
79635
79639
79641
79642
79644
79646
79647
79648
7965
79650
79651
79652
79654
79657
79660
79663
79664
79665
79666
79667
79668
79669
79670
79672
79673
79675
79676
79677
79682
79684
79685
79690
79691
79692
79693
79694
79695
79697
79701
79703
79705
79707
79709
79710
79711
79712
79714
79717
79718
79719
79720
79723
79724
79725
79728
79731
79733
79735
79736
79738
79751
79752
79753
79754
7976
79760
79762
79763
79767
79768
79770
79777
79780
79782
79783
79784
79786
79788
79789
7979
79791
79792
79794
79796
79799
79800
79801
79803
79807
79810
79811
79812
79813
79814
79817
79818
79819
7982
79823
79828
79829
79830
79833
79834
79836
79837
79838
7984
79840
79842
79844
79847
79848
79850
79852
79853
79854
79861
79862
79866
79867
79868
79869
79871
79872
79876
79877
7988
79882
79886
79887
79888
79890
79891
79892
79893
79894
79896
79897
79899
79901
79902
79903
79908
79912
79913
79915
79917
79918
79921
79925
79929
7993
79932
79939
7994
79944
79947
79949
79955
79956
79958
79959
79960
79961
79962
79963
79966
79968
79970
79974
79977
79979
79980
79982
79983
79986
79989
79991
800
8000
80004
80006
8001
80010
80011
80012
80013
80017
80020
80021
80023
80024
80025
80028
80031
80045
80054
80055
80059
80063
80067
80070
80071
80095
801
80110
80117
80119
80127
80129
80131
80135
80142
80143
80144
80145
80146
80148
80149
80150
80153
80154
80155
80157
80168
80173
80176
80179
80183
80184
80185
8019
80194
80195
80196
80198
80199
80201
80204
80207
80208
80209
8021
80210
80212
80213
80218
80219
80221
80222
80223
80224
80227
80228
80230
80232
80235
80237
80254
80256
80258
80262
80263
80264
80267
8027
80270
80271
80273
80279
8028
80298
8030
80304
80305
80306
80308
8031
80310
80313
80317
80319
80321
80323
80324
80331
80332
8034
80342
80344
80345
80346
80347
80349
80351
8036
80381
8045
805
8050
8065
80700
80704
80705
80709
80724
8073
80736
80739
80740
80741
80745
80746
80758
8076
80760
80762
80763
80764
80775
80777
8078
80781
8079
808
80817
80818
80820
80824
80830
80831
80851
80854
8086
8087
8089
80895
80896
8091
8099
81
8100
81030
81031
81034
81037
8106
811
8125
813
8140
8148
81488
81490
81491
81493
81502
81532
81533
81537
81539
81542
81545
81550
81552
81554
81555
81556
81558
81562
81565
81566
81567
81571
81572
81573
81575
81576
81577
81579
816
81602
81603
81605
81606
81608
81609
8161
81610
81611
81615
81617
81618
81619
81620
81621
81626
81627
81631
8165
81669
81671
81688
81689
81691
81696
81698
81704
8175
81788
81790
81797
818
81831
81844
81846
81847
81853
81855
81856
81857
81873
81875
81876
81887
81888
8189
81890
81892
81893
81894
819
8192
81926
81930
81931
81932
8195
8202
8204
8209
821
8214
8216
822
8220
8225
8226
8227
8228
823
8233
8237
8239
824
8241
8242
8243
825
826
8260
8263
8269
827
8270
8273
8284
8289
829
8293
8294
8295
830
8301
8303
831
8310
8313
8314
8315
8317
832
8321
8323
8324
83259
833
8337
8339
834
8343
8344
83440
83442
83443
83444
83448
8345
83451
83452
8346
83460
83461
8347
83475
83480
83481
83483
8349
835
83540
83541
83544
83548
83549
83552
8357
8358
8359
83593
83594
83596
836
8360
83604
83605
83606
83607
83608
8361
8362
8363
83636
83638
8364
83641
83642
8365
83658
8366
83660
83666
8367
8368
83693
83694
83698
83699
837
8370
83706
83707
83715
83716
83719
83732
83734
83737
83742
83746
83752
83759
83787
8379
838
83849
83858
83862
83871
83874
83876
83877
83879
8388
83891
83892
839
83903
83930
83932
83935
83938
83939
8394
83940
83941
8395
83955
8396
8398
83982
83985
83988
83989
8399
83990
83992
83998
83999
840
84002
8402
84034
8404
8405
84057
84058
8406
84060
84061
84062
84064
84067
8407
84078
84079
8408
84081
84084
8409
841
84100
84102
84105
84108
8411
8412
84124
84126
84133
84135
84138
84140
84142
84146
84148
84152
84162
84164
84168
8417
84172
84181
84186
84187
84188
84189
842
8420
84214
84216
84220
84221
84224
84230
84231
84232
84233
84246
84247
84250
84253
84254
84255
84256
84259
84261
84262
84263
84264
84265
84266
84267
84269
84270
84271
84272
84273
84274
84275
84276
84277
84278
84279
8428
84280
84282
84284
84285
84287
84288
84292
84293
84298
84299
843
84300
84302
84303
84304
84305
84306
84309
84310
84311
84314
84315
84316
84318
84319
84326
84331
84335
84337
8434
84340
8437
8439
8440
84419
8443
84440
84445
8445
84450
84455
8446
8449
8450
84501
8451
84513
84515
84516
8452
84520
84522
84524
84525
84527
84529
8453
84532
84536
8454
84545
84548
84549
8455
84557
84561
84572
8459
84612
84617
84619
8464
84640
84641
84647
84650
84656
84661
84666
84669
8467
84671
84674
8468
84681
847
8470
84701
84707
84717
84720
84725
84726
84727
8473
84740
84747
84749
84750
84759
8476
84766
84769
8477
84775
84790
84791
84792
84798
8480
84803
84809
8481
84811
84816
84817
84818
84820
84823
84830
84838
8484
84844
84849
84869
8487
84873
84883
84886
84890
84899
8490
84900
84902
8491
84913
8492
84920
84926
8493
84937
84939
84940
84942
84947
8495
84950
84952
84954
8496
84961
84962
8498
84981
84986
84989
8500
85007
8501
85015
85019
8502
85021
85025
85027
85028
8504
8505
8507
8508
8510
8517
8518
8519
8520
85236
8525
8527
8528
85285
8530
85301
85302
8531
8533
8534
85363
85364
85369
8537
85379
8539
85397
8540
85406
85409
8541
85413
8542
8543
8544
85441
8545
85450
85458
85459
8546
85461
85463
85465
85476
85477
8548
8549
8550
85508
8553
8554
8555
8556
8558
8559
8560
8562
8563
8564
8566
8567
8568
8569
857
8570
8573
8574
8575
8577
8578
858
85865
86
860
8600
8603
8604
8607
8609
861
8611
8612
8613
8615
8621
8622
8623
8624
8625
8629
863
8634
8635
8636
8638
864
8644
8645
8648
8649
865
8650
8653
8655
8658
866
8660
8661
86614
8662
8663
8664
8665
8666
8667
8668
8669
8671
8672
8673
8674
8675
8677
8678
868
8682
8683
8690
8692
8693
8694
8697
87
8702
8703
8704
8705
8711
8714
8717
8720
8721
8723
8724
8725
8726
8727
8728
8729
873
8731
8732
8733
8737
8738
8739
874
8741
8743
875
8754
8760
8761
8763
8764
8766
8767
8771
8772
8773
8774
8775
8776
8780
8790
8792
8795
8797
8798
8799
8800
8801
8802
8803
8804
8805
8813
8815
8816
8818
8819
8821
8824
8825
8826
8831
8832
8833
8834
8835
8836
8837
8841
8842
8846
8847
8848
8853
8854
8856
8857
8859
8861
8863
8864
8867
8869
8870
8871
8872
8874
88745
8878
8879
8880
8881
8882
8883
8884
8886
8887
8888
889
8890
8891
8892
8893
8894
8895
8896
8897
8898
8899
890
8904
8905
8907
8908
8910
8911
89122
8914
8915
8916
892
8924
8925
8926
8930
8932
8933
8934
8935
8939
894
8940
8943
8945
896
8971
8973
8974
89781
89782
89790
89796
89822
89845
8985
8986
89866
8987
89870
89884
89894
899
8991
89910
8992
8994
89941
8997
9
90
900
901
90102
9014
90141
9015
90187
9019
902
9020
9023
90233
9025
9026
90293
9031
9032
90338
9034
9037
9039
9040
90410
90416
9043
9044
9045
90459
90485
90488
9049
905
9050
9052
90522
90527
9053
9054
9055
9056
9057
9058
90592
9060
9061
90624
9063
90634
90649
9069
90693
9070
90701
9071
9075
9076
9079
908
9082
90834
9086
90861
90865
9087
90871
9088
9092
9093
9097
9098
90993
91
9100
9101
91056
9107
9108
9110
9111
9112
91120
91133
91137
91147
91151
912
9121
9122
9123
9124
9125
91252
9126
9128
91283
91289
9129
9130
91304
9131
9133
9134
9135
91351
91355
9136
91369
91373
9138
9139
914
9140
9141
9144
91442
91445
91452
9146
91464
9147
9148
915
9150
91523
9153
9156
91574
9158
9159
916
91612
91614
91624
9166
9167
9168
91687
9169
9175
91750
91754
91782
9179
9180
91807
9181
9182
9183
91833
9184
9185
91862
9187
9188
9189
9191
9194
9197
92
920
9200
92014
9202
9203
9204
92070
9208
92086
9209
9210
92104
92105
9212
92126
9213
9215
9217
92170
9218
92181
9220
9221
92211
9223
92255
92259
9230
9231
9232
92342
92344
9235
92359
9236
9238
9240
92421
9245
9246
92482
9249
9252
92521
9254
9255
92595
92597
9261
9262
9263
9266
92667
9267
92675
9270
92703
92714
9274
9275
9276
9277
928
92806
92815
9282
9284
929
92912
92922
9295
9296
93010
9306
9308
9310
9314
9315
9317
9318
93183
93185
9319
9320
9321
9322
9324
9325
9328
9329
9330
9331
9332
9334
93343
93349
9337
9338
9341
9342
9343
93436
9344
93487
9349
9351
9352
9353
9354
93550
9360
9361
9364
93664
9367
9368
9371
9372
9373
9375
9377
9380
9382
9388
939
9391
9394
9397
93973
93974
93986
9399
940
9400
94005
9401
94026
9403
94039
94059
9406
94081
9409
941
9410
94101
94103
94104
9411
9412
94121
94122
94134
9414
9416
9419
9422
94239
9424
9425
9435
9436
9439
9440
9442
9443
9444
9445
9446
9448
9451
9452
9453
9454
9457
9459
9462
9463
9465
9466
9467
9470
9472
9473
9474
9475
9477
9478
948
9481
9482
9487
9488
9489
949
9491
9493
9497
9498
95
950
9500
9501
9512
9513
9516
9517
9518
9519
9520
9521
9522
9524
9525
9526
9527
9528
9529
953
9530
9531
9532
9533
9534
9535
9536
9537
9538
9540
9541
9546
9547
955
9550
9551
9552
9553
9554
9555
9556
9557
9559
9562
9563
9567
95681
9569
957
9570
9575
9577
9578
958
9580
9581
9582
9583
9584
9585
9587
9588
9589
9592
9595
960
9601
9603
9604
961
9610
9611
9612
9615
9616
9617
9618
9619
962
9620
9625
963
9630
9631
9632
9633
9635
9636
9637
9638
9639
9640
9641
9643
9645
9646
9647
9649
965
9650
9652
9653
9655
9656
9657
9659
966
96610
9662
9663
9665
9666
9667
9668
9669
967
9670
9672
9673
9675
96764
9677
9678
9679
968
9682
9683
9685
9686
9688
9689
969
9690
9693
9694
9695
9696
9697
9698
9699
97
9700
9701
9702
9703
9704
9709
9710
9712
9716
9718
972
9721
9724
9725
9727
9728
9730
9731
9732
9733
9735
9736
9737
9738
9741
9742
9743
9747
9748
9749
975
9751
9753
9757
9759
976
9760
9761
9764
9765
9766
9767
9768
977
9770
9771
9772
9774
9775
9776
9778
9779
9781
9782
9783
9784
9785
9786
9787
9788
9789
9790
9791
9792
9793
9794
9797
9798
9801
9802
9804
9805
9806
9810
9813
9814
9817
9818
9819
9820
9821
9823
9824
9825
9826
983
9830
9831
9833
9837
984
9841
9842
9843
9844
9847
9848
9849
9851
9852
9855
9856
9857
9858
9859
9860
9861
9863
9868
9869
9870
9871
9873
9874
9877
9878
9879
988
9880
9882
9883
9884
9885
9886
9887
9889
9891
9894
9895
9896
9897
9898
990
9902
9904
9905
9906
9907
9908
9909
991
9910
9912
9913
9914
9917
9918
9919
9920
9921
9923
9924
9925
9926
9927
9928
9929
993
9931
9933
9934
9935
9936
9938
9939
994
9943
9945
9946
9948
9949
995
9950
9955
9956
9957
9958
996
9960
9961
9962
9968
9969
9972
9973
9976
9978
998
9980
9982
9984
9986
9987
9988
9989
999
9990
9991
9994
9997
