10018
100509457
100533105
10062
10161
1017
1026
1029
1030
1032
10344
10365
103910
1050
1051
10568
10580
10599
10673
10733
10800
10891
10912
10998
11009
11040
11221
112401
112744
11337
114907
1154
1163
116379
116519
122809
1244
126129
1270
1376
1380
1392
1407
1435
1436
143686
1440
1447
1490
1499
151449
1581
1582
1593
1622
1638
1643
169355
171558
174
1827
1901
1906
1958
1962
2001
2023
2056
2099
2103
2167
2180
2194
2203
2208
2209
226
2268
22800
22801
23237
23439
2353
2494
2538
25898
2592
2597
2625
2626
2645
268
2710
27113
2735
2810
30
30009
3091
3098
31
3158
3162
3171
3172
3174
3280
329
33
3303
331
332
335
336
3375
3383
3397
34
345
3486
354
355
3552
356
3575
359
3606
3611
364
3651
3659
3683
3725
3728
3732
374
3939
4023
4049
4055
406
406991
4089
4091
4170
4193
4199
4261
4286
4312
4313
4316
4602
4609
4615
4625
472
4760
4790
4792
4821
4825
4842
4851
4852
487
4878
4879
490
4973
50484
5054
50674
5078
5080
51
5105
5111
51129
51246
51384
51512
5163
5170
5173
5187
5207
5211
5230
5244
5268
5292
5308
5313
5328
5346
5350
5360
5366
53828
5460
5467
55240
55367
55503
56302
56475
5727
5728
5742
5743
575
581
5896
5933
5934
595
596
597
598
604
6095
627
6319
6337
6342
63970
6401
64065
64326
64393
64399
6477
650
6513
6517
6543
6554
6591
664
6648
6657
6720
6928
7018
7023
7037
7038
7039
7040
7054
7057
7076
7124
7128
7157
7161
7185
7225
7249
7299
7306
7316
7350
7412
793
79365
795
79923
8061
8312
8431
847
8493
85407
85417
8600
8647
8743
8795
8837
890
898
900
901
9140
9314
9370
941
9415
942
948
9538
9572
958
972
