10018
10062
10161
1017
1026
1029
10365
103910
1050
10580
10673
10733
10800
10891
11221
11337
1154
1163
122809
1376
1407
1435
1436
1490
1499
1593
1622
1643
1827
1901
1906
1958
1962
2023
2180
2203
226
2268
22800
22801
2353
2494
2592
2597
2710
2810
30
3091
3098
3158
3162
3172
3174
3280
329
3303
331
332
3383
3397
34
3486
355
3575
3606
3611
3659
3725
3728
374
3939
4023
4049
4055
4089
4091
4170
4193
4199
4286
4312
4313
4602
4609
4615
472
4790
4821
4842
4851
490
50484
5054
51
5105
5111
51246
51512
5170
5211
5230
5268
5292
5308
5328
5360
5467
55240
56475
5727
5728
5742
5743
581
5896
5933
5934
595
596
597
598
604
6319
6337
6342
64065
64326
64393
6477
650
6513
664
6648
6720
6928
7037
7039
7040
7057
7076
7124
7128
7157
7161
7249
7306
7316
7412
793
847
8493
8600
8743
8795
8837
890
900
901
9140
9314
941
948
9538
958
972
