hsa10018	255 0 0
c_hsa1017_hsa595	255 0 0
hsa1017	255 0 0
hsa1029	255 0 0
hsa10365	255 0 0
hsa10733	255 0 0
hsa11221	255 0 0
hsa1154	255 0 0
hsa122809	255 0 0
hsa1593	255 0 0
hsa1901	255 0 0
hsa2099	255 0 0
hsa2268	255 0 0
hsa22801	255 0 0
hsa25898	255 0 0
hsa3174	255 0 0
hsa332	255 0 0
hsa3383	255 0 0
hsa3725	255 0 0
hsa3728	255 0 0
hsa4023	255 0 0
hsa4055	255 0 0
hsa4602	255 0 0
hsa5328	255 0 0
hsa55240	255 0 0
hsa56475	255 0 0
hsa5727	255 0 0
hsa5728	255 0 0
hsa5743	255 0 0
hsa5896	255 0 0
hsa5933	255 0 0
hsa595	255 0 0
hsa604	255 0 0
hsa6720	255 0 0
hsa7040	255 0 0
hsa7161	255 0 0
hsa793	255 0 0
hsa8061	255 0 0
hsa8312	255 0 0
hsa85407	255 0 0
hsa8600	255 0 0
hsa8795	255 0 0
hsa8837	255 0 0
hsa898	255 0 0
hsa9140	255 0 0
hsa941	255 0 0
hsa942	255 0 0
