hsa31	255 0 0
hsa33	255 0 0
hsa3383	255 0 0
hsa354	255 0 0
hsa4609	255 0 0
hsa4825	255 0 0
hsa50674	255 0 0
hsa5360	255 0 0
hsa7128	255 0 0
hsa85407	255 0 0
hsa1030	0 255 0
hsa11221	0 255 0
hsa1901	0 255 0
hsa2353	0 255 0
hsa3162	0 255 0
hsa3486	0 255 0
hsa4170	0 255 0
hsa4286	0 255 0
hsa472	0 255 0
hsa4852	0 255 0
hsa51512	0 255 0
hsa56475	0 255 0
hsa575	0 255 0
hsa5997	0 255 0
hsa650	0 255 0
hsa7124	0 255 0
hsa7161	0 255 0
hsa8837	0 255 0
hsa901	0 255 0
hsa9314	0 255 0
hsa9415	0 255 0
hsa942	0 255 0
